HMMER3/f [3.3.2 | Nov 2020]
NAME  active_site_msa
LENG  81
ALPH  amino
RF    no
MM    no
CONS  yes
CS    no
MAP   yes
DATE  Tue Mar 21 17:59:31 2023
NSEQ  61
EFFN  4.076843
CKSUM 2716642072
STATS LOCAL MSV       -9.0699  0.71854
STATS LOCAL VITERBI   -9.7320  0.71854
STATS LOCAL FORWARD   -3.9579  0.71854
HMM          A        C        D        E        F        G        H        I        K        L        M        N        P        Q        R        S        T        V        W        Y   
            m->m     m->i     m->d     i->m     i->i     d->m     d->d
  COMPO   2.40954  4.58945  3.01834  2.87156  3.27810  2.41225  3.33923  2.82296  3.04855  2.49906  3.52164  3.30637  3.20495  3.16026  3.24666  2.53773  2.72654  2.70292  4.23630  3.55242
          2.68618  4.42225  2.77519  2.73123  3.46354  2.40513  3.72494  3.29354  2.67741  2.69355  4.24690  2.90347  2.73739  3.18146  2.89801  2.37887  2.77519  2.98518  4.58477  3.61503
          0.14449  5.17441  2.04888  0.61958  0.77255  0.00000        *
      1   3.18683  4.53825  5.15630  4.54563  2.32857  4.38328  4.71176  1.51823  4.33920  1.73571  2.78358  4.54707  4.70884  4.43593  4.33765  3.70257  3.41576  1.79649  2.88129  3.98988      1 i - - -
          2.68618  4.42225  2.77519  2.73123  3.46354  2.40513  3.72494  3.29354  2.67741  2.69355  4.24690  2.90347  2.73739  3.18146  2.89801  2.37887  2.77519  2.98518  4.58477  3.61503
          0.00967  5.03958  5.76193  0.61958  0.77255  0.83883  0.56601
      2   2.44380  4.34650  4.67420  4.07424  3.00474  3.42134  4.40284  1.86761  3.90676  2.06223  3.46567  4.16452  4.44457  4.08011  3.99469  2.08320  2.71269  1.81196  4.97029  3.78826      2 v - - -
          2.68618  4.42225  2.77519  2.73123  3.46354  2.40513  3.72494  3.29354  2.67741  2.69355  4.24690  2.90347  2.73739  3.18146  2.89801  2.37887  2.77519  2.98518  4.58477  3.61503
          0.00967  5.03958  5.76193  0.61958  0.77255  0.83883  0.56601
      3   3.15256  5.05871  3.79976  3.42096  4.25107  3.90209  1.52687  3.88257  3.31638  3.54654  4.46232  3.79643  1.15624  3.74244  3.63856  3.29478  3.48983  2.58566  5.68181  4.30480      3 p - - -
          2.68618  4.42225  2.77519  2.73123  3.46354  2.40513  3.72494  3.29354  2.67741  2.69355  4.24690  2.90347  2.73739  3.18146  2.89801  2.37887  2.77519  2.98518  4.58477  3.61503
          0.00967  5.03958  5.76193  0.61958  0.77255  0.83883  0.56601
      4   3.60733  5.44980  4.70664  4.71784  5.97461  0.21920  5.83069  5.65803  5.05701  5.24178  6.10995  4.76192  2.86982  5.24961  5.21358  3.80058  4.16815  4.86121  6.99600  6.14026      4 G - - -
          2.68618  4.42225  2.77519  2.73123  3.46354  2.40513  3.72494  3.29354  2.67741  2.69355  4.24690  2.90347  2.73739  3.18146  2.89801  2.37887  2.77519  2.98518  4.58477  3.61503
          0.00967  5.03958  5.76193  0.61958  0.77255  0.83883  0.56601
      5   4.54158  5.70888  5.54987  5.33978  1.01267  2.17506  4.19208  4.34279  5.18618  3.66285  4.91104  4.90194  5.54019  5.02905  5.12297  4.60736  4.77600  4.22920  4.30290  1.01225      5 y - - -
          2.68618  4.42225  2.77519  2.73123  3.46354  2.40513  3.72494  3.29354  2.67741  2.69355  4.24690  2.90347  2.73739  3.18146  2.89801  2.37887  2.77519  2.98518  4.58477  3.61503
          0.00967  5.03958  5.76193  0.61958  0.77255  0.83883  0.56601
      6   2.56476  4.46637  4.26942  3.69192  3.58887  2.58592  4.33180  2.74552  3.59397  2.19407  2.98336  3.95154  4.39475  3.83834  3.82246  3.29587  1.27799  2.45690  5.09411  3.89543      6 t - - -
          2.68618  4.42225  2.77519  2.73123  3.46354  2.40513  3.72494  3.29354  2.67741  2.69355  4.24690  2.90347  2.73739  3.18146  2.89801  2.37887  2.77519  2.98518  4.58477  3.61503
          0.00967  5.03958  5.76193  0.61958  0.77255  0.83883  0.56601
      7   1.90262  4.64098  3.78218  3.21593  2.74963  2.00070  4.14450  3.14371  3.17166  2.75762  3.26223  3.08194  4.26980  3.47444  3.52801  2.27705  3.14590  2.91741  5.22275  2.97280      7 a - - -
          2.68618  4.42225  2.77519  2.73123  3.46354  2.40513  3.72494  3.29354  2.67741  2.69355  4.24690  2.90347  2.73739  3.18146  2.89801  2.37887  2.77519  2.98518  4.58477  3.61503
          0.00967  5.03958  5.76193  0.61958  0.77255  0.83883  0.56601
      8   2.57977  4.93851  3.16152  2.85958  2.91178  3.49005  3.99105  3.52803  2.84485  2.26517  4.02200  2.57440  3.77816  2.73076  3.03439  2.67495  2.10710  2.92084  5.47197  3.12660      8 t - - -
          2.68618  4.42225  2.77519  2.73123  3.46354  2.40513  3.72494  3.29354  2.67741  2.69355  4.24690  2.90347  2.73739  3.18146  2.89801  2.37887  2.77519  2.98518  4.58477  3.61503
          0.10122  5.03958  2.41030  0.61958  0.77255  0.83883  0.56601
      9   2.67281  5.25227  2.76201  2.28614  4.55314  3.65063  3.84754  4.00783  2.60506  3.53998  2.72024  2.84214  3.45914  2.96174  3.08902  1.52538  2.79628  3.37865  5.71626  4.33481      9 s - - -
          2.68618  4.42225  2.77519  2.73123  3.46354  2.40513  3.72494  3.29354  2.67741  2.69355  4.24690  2.90347  2.73739  3.18146  2.89801  2.37887  2.77519  2.98518  4.58477  3.61503
          0.01059  4.94896  5.67130  0.61958  0.77255  1.00313  0.45686
     10   2.59825  4.28762  4.66337  2.90019  2.56676  4.03120  4.35491  1.79669  3.88373  2.31352  2.85780  4.13124  4.39666  4.04907  3.95650  3.00726  2.72204  1.81485  4.90719  3.05912     10 i - - -
          2.68618  4.42225  2.77519  2.73123  3.46354  2.40513  3.72494  3.29354  2.67741  2.69355  4.24690  2.90347  2.73739  3.18146  2.89801  2.37887  2.77519  2.98518  4.58477  3.61503
          0.01059  4.94896  5.67130  0.61958  0.77255  0.47427  0.97375
     11   2.59853  4.86173  2.64496  2.71759  3.15895  3.83953  3.41993  3.41523  2.96890  3.08977  3.95294  3.46273  4.22471  3.29833  3.38649  2.95206  2.48231  3.15659  1.91666  2.37500     11 w - - -
          2.68618  4.42225  2.77519  2.73123  3.46354  2.40513  3.72494  3.29354  2.67741  2.69355  4.24690  2.90347  2.73739  3.18146  2.89801  2.37887  2.77519  2.98518  4.58477  3.61503
          0.00912  5.09741  5.81975  0.61958  0.77255  0.70795  0.67856
     12   2.95786  4.38097  2.95719  3.29040  3.24729  4.09407  4.41151  2.37133  3.88876  1.71204  2.82119  4.16048  4.46030  4.07034  3.99361  3.39241  3.18993  2.19063  1.96423  3.34585     12 l - - -
          2.68618  4.42225  2.77519  2.73123  3.46354  2.40513  3.72494  3.29354  2.67741  2.69355  4.24690  2.90347  2.73739  3.18146  2.89801  2.37887  2.77519  2.98518  4.58477  3.61503
          0.06749  5.09741  2.82765  0.61958  0.77255  0.70795  0.67856
     13   2.53104  4.65556  3.77424  3.20996  2.96498  3.88145  4.14728  3.16864  3.16300  2.87859  3.76831  3.61909  3.30232  3.47064  3.03070  2.96557  1.23083  2.93932  5.24175  2.97222     13 t - - -
          2.68618  4.42225  2.77519  2.73123  3.46354  2.40513  3.72494  3.29354  2.67741  2.69355  4.24690  2.90347  2.73739  3.18146  2.89801  2.37887  2.77519  2.98518  4.58477  3.61503
          0.00967  5.03958  5.76193  0.61958  0.77255  0.83883  0.56601
     14   2.57758  4.52345  4.00936  3.43589  2.29059  3.06733  3.60111  2.52767  3.36694  2.34403  3.63244  3.77684  4.32331  3.64166  2.56629  2.61223  2.03043  2.78698  5.11977  3.22748     14 t - - -
          2.68618  4.42225  2.77519  2.73123  3.46354  2.40513  3.72494  3.29354  2.67741  2.69355  4.24690  2.90347  2.73739  3.18146  2.89801  2.37887  2.77519  2.98518  4.58477  3.61503
          0.00967  5.03958  5.76193  0.61958  0.77255  0.83883  0.56601
     15   2.65012  5.33846  1.30392  2.27930  4.63597  3.70179  3.17996  4.09167  2.68937  3.17214  4.39612  3.18829  4.11099  3.03639  3.17763  2.68938  3.17531  2.75279  5.80133  4.41519     15 d - - -
          2.68618  4.42225  2.77519  2.73123  3.46354  2.40513  3.72494  3.29354  2.67741  2.69355  4.24690  2.90347  2.73739  3.18146  2.89801  2.37887  2.77519  2.98518  4.58477  3.61503
          0.00967  5.03958  5.76193  0.61958  0.77255  0.83883  0.56601
     16   2.90036  5.02947  3.34772  2.78905  3.65100  3.13266  2.91200  3.65412  2.77870  2.60981  4.10603  3.29919  3.51606  1.73719  3.23288  2.00262  2.91563  3.35046  4.16266  4.01860     16 q - - -
          2.68618  4.42225  2.77519  2.73123  3.46354  2.40513  3.72494  3.29354  2.67741  2.69355  4.24690  2.90347  2.73739  3.18146  2.89801  2.37887  2.77519  2.98518  4.58477  3.61503
          0.00967  5.03958  5.76193  0.61958  0.77255  0.83883  0.56601
     17   3.11203  5.51145  2.48765  2.24722  4.85378  3.74516  4.08783  4.31704  2.92220  3.85084  4.63942  3.25120  1.13265  3.22052  3.43066  2.40906  3.36964  3.06494  6.03107  4.62556     17 p - - -
          2.68618  4.42225  2.77519  2.73123  3.46354  2.40513  3.72494  3.29354  2.67741  2.69355  4.24690  2.90347  2.73739  3.18146  2.89801  2.37887  2.77519  2.98518  4.58477  3.61503
          0.00967  5.03958  5.76193  0.61958  0.77255  0.43768  1.03713
     18   2.33880  5.43247  1.59830  2.06344  4.76870  3.58284  3.41569  4.24899  2.64511  3.28106  4.47576  2.82312  3.83001  3.00481  3.13709  2.47740  2.94369  3.81841  5.87030  3.47261     18 d - - -
          2.68618  4.42225  2.77519  2.73123  3.46354  2.40513  3.72494  3.29354  2.67741  2.69355  4.24690  2.90347  2.73739  3.18146  2.89801  2.37887  2.77519  2.98518  4.58477  3.61503
          0.00876  5.13807  5.86042  0.61958  0.77255  0.59890  0.79721
     19   2.59265  5.48835  2.50343  2.27881  4.82846  3.73338  3.37563  4.31137  2.67731  3.78992  4.53338  2.80990  4.13998  3.03840  1.24875  2.94687  2.85712  3.87696  5.92118  4.51160     19 r - - -
          2.68618  4.42225  2.77519  2.73123  3.46354  2.40513  3.72494  3.29354  2.67741  2.69355  4.24690  2.90347  2.73739  3.18146  2.89801  2.37887  2.77519  2.98518  4.58477  3.61503
          0.18159  5.13807  1.83140  0.61958  0.77255  0.59890  0.79721
     20   1.28292  4.83580  3.60918  3.07814  4.23515  2.22347  4.17146  3.62744  3.05758  2.43856  4.13794  3.50536  2.91873  3.38964  3.23278  2.60641  3.16629  3.31117  5.58880  4.31493     20 a - - -
          2.68618  4.42225  2.77519  2.73123  3.46354  2.40513  3.72494  3.29354  2.67741  2.69355  4.24690  2.90347  2.73739  3.18146  2.89801  2.37887  2.77519  2.98518  4.58477  3.61503
          0.01040  4.96688  5.68923  0.61958  0.77255  0.97381  0.47424
     21   2.51115  4.51798  4.48714  3.90296  3.52265  4.16350  4.46537  2.42006  3.78461  1.23076  3.02449  4.13161  4.51335  2.03262  3.97194  3.45248  3.28023  2.33948  5.12765  3.95409     21 l - - -
          2.68618  4.42225  2.77519  2.73123  3.46354  2.40513  3.72494  3.29354  2.67741  2.69355  4.24690  2.90347  2.73739  3.18146  2.89801  2.37887  2.77519  2.98518  4.58477  3.61503
          0.01040  4.96688  5.68923  0.61958  0.77255  0.26943  1.44315
     22   2.51747  4.39593  4.90169  4.29281  2.62644  3.12961  4.50782  1.61868  4.09499  2.58172  1.94287  4.31316  4.53877  4.24087  4.13036  2.93072  3.24358  1.89592  5.02367  3.84575     22 i - - -
          2.68618  4.42225  2.77519  2.73123  3.46354  2.40513  3.72494  3.29354  2.67741  2.69355  4.24690  2.90347  2.73739  3.18146  2.89801  2.37887  2.77519  2.98518  4.58477  3.61503
          0.00844  5.17441  5.89676  0.61958  0.77255  0.48576  0.95510
     23   4.82666  6.31335  5.67840  5.74222  6.59811  0.05357  6.59916  6.64184  6.03429  6.02919  7.11843  5.85053  5.69438  6.27289  5.99922  5.05176  5.36995  5.97047  7.23780  6.78377     23 G - - -
          2.68618  4.42225  2.77519  2.73123  3.46354  2.40513  3.72494  3.29354  2.67741  2.69355  4.24690  2.90347  2.73739  3.18146  2.89801  2.37887  2.77519  2.98518  4.58477  3.61503
          0.00844  5.17441  5.89676  0.61958  0.77255  0.48576  0.95510
     24   2.97443  4.94920  3.14089  2.42649  4.11048  3.86270  1.80461  2.82963  2.96200  2.69381  4.03710  3.46530  4.24865  2.92447  3.38911  3.08175  3.20583  3.25025  2.35858  2.82060     24 h - - -
          2.68618  4.42225  2.77519  2.73123  3.46354  2.40513  3.72494  3.29354  2.67741  2.69355  4.24690  2.90347  2.73739  3.18146  2.89801  2.37887  2.77519  2.98518  4.58477  3.61503
          0.00844  5.17441  5.89676  0.61958  0.77255  0.48576  0.95510
     25   3.50252  5.37262  4.95517  4.96315  5.77212  4.10441  5.89834  5.55966  5.14066  5.19123  6.06338  4.82146  4.94153  5.35746  5.24537  0.15440  4.07807  4.75659  6.99647  5.92088     25 S - - -
          2.68618  4.42225  2.77519  2.73123  3.46354  2.40513  3.72494  3.29354  2.67741  2.69355  4.24690  2.90347  2.73739  3.18146  2.89801  2.37887  2.77519  2.98518  4.58477  3.61503
          0.00844  5.17441  5.89676  0.61958  0.77255  0.48576  0.95510
     26   2.22299  4.53874  4.36892  3.78574  3.61140  4.10889  4.39469  2.96935  3.66630  2.14036  1.25269  4.03971  4.47682  2.43089  3.88229  3.38901  3.25986  2.78606  4.55194  3.58433     26 m - - -
          2.68618  4.42225  2.77519  2.73123  3.46354  2.40513  3.72494  3.29354  2.67741  2.69355  4.24690  2.90347  2.73739  3.18146  2.89801  2.37887  2.77519  2.98518  4.58477  3.61503
          0.00844  5.17441  5.89676  0.61958  0.77255  0.48576  0.95510
     27   4.82666  6.31335  5.67840  5.74222  6.59811  0.05357  6.59916  6.64184  6.03429  6.02919  7.11843  5.85053  5.69438  6.27289  5.99922  5.05176  5.36995  5.97047  7.23780  6.78377     27 G - - -
          2.68618  4.42225  2.77519  2.73123  3.46354  2.40513  3.72494  3.29354  2.67741  2.69355  4.24690  2.90347  2.73739  3.18146  2.89801  2.37887  2.77519  2.98518  4.58477  3.61503
          0.00844  5.17441  5.89676  0.61958  0.77255  0.48576  0.95510
     28   1.63141  5.05462  4.93272  4.92768  5.82252  0.42595  5.82004  5.32816  5.10912  5.02908  5.80417  4.60330  4.68532  5.22720  5.19326  3.35311  3.72833  4.44661  7.10407  6.09061     28 G - - -
          2.68618  4.42225  2.77519  2.73123  3.46354  2.40513  3.72494  3.29354  2.67741  2.69355  4.24690  2.90347  2.73739  3.18146  2.89801  2.37887  2.77519  2.98518  4.58477  3.61503
          0.06233  5.17441  2.90466  0.61958  0.77255  0.48576  0.95510
     29   2.49034  4.86206  3.56989  3.00800  4.03376  1.42814  4.07952  2.99292  2.98400  3.08996  3.21563  2.99153  4.23613  2.87722  3.02101  3.07474  2.87432  2.80669  5.41538  3.38539     29 g - - -
          2.68618  4.42225  2.77519  2.73123  3.46354  2.40513  3.72494  3.29354  2.67741  2.69355  4.24690  2.90347  2.73739  3.18146  2.89801  2.37887  2.77519  2.98518  4.58477  3.61503
          0.00891  5.12099  5.84333  0.61958  0.77255  0.64672  0.74184
     30   2.54204  3.80619  3.62024  3.06460  4.11167  1.59868  3.03162  3.49412  3.04205  3.16862  4.02872  3.02387  4.25129  3.36994  3.45587  2.44265  2.55364  2.22161  5.48830  4.21637     30 g - - -
          2.68618  4.42225  2.77519  2.73123  3.46354  2.40513  3.72494  3.29354  2.67741  2.69355  4.24690  2.90347  2.73739  3.18146  2.89801  2.37887  2.77519  2.98518  4.58477  3.61503
          0.00891  5.12099  5.84333  0.61958  0.77255  0.39686  1.11606
     31   0.94886  4.90487  4.93506  4.67098  5.44838  3.71368  5.49126  4.89105  4.63387  4.59050  5.37078  4.42216  4.54441  4.83483  4.81983  1.79210  1.20880  4.15518  6.79712  5.68530     31 a - - -
          2.68618  4.42225  2.77519  2.73123  3.46354  2.40513  3.72494  3.29354  2.67741  2.69355  4.24690  2.90347  2.73739  3.18146  2.89801  2.37887  2.77519  2.98518  4.58477  3.61503
          0.00844  5.17441  5.89676  0.61958  0.77255  0.48576  0.95510
     32   2.71237  4.40100  4.77881  4.17520  3.00535  4.14454  4.46812  2.39812  3.20098  1.24052  3.16987  4.24534  4.28292  2.92951  4.07027  3.44759  2.80830  2.48952  3.53823  2.89846     32 l - - -
          2.68618  4.42225  2.77519  2.73123  3.46354  2.40513  3.72494  3.29354  2.67741  2.69355  4.24690  2.90347  2.73739  3.18146  2.89801  2.37887  2.77519  2.98518  4.58477  3.61503
          0.00844  5.17441  5.89676  0.61958  0.77255  0.48576  0.95510
     33   2.65336  5.15956  3.36149  2.23052  4.39727  3.79179  3.99560  2.52481  2.62451  2.13802  4.23034  3.32295  3.46050  2.91654  2.34245  2.47117  2.48560  3.49112  5.66239  3.72708     33 l - - -
          2.68618  4.42225  2.77519  2.73123  3.46354  2.40513  3.72494  3.29354  2.67741  2.69355  4.24690  2.90347  2.73739  3.18146  2.89801  2.37887  2.77519  2.98518  4.58477  3.61503
          0.00844  5.17441  5.89676  0.61958  0.77255  0.48576  0.95510
     34   1.65307  4.93388  3.54653  2.98571  4.11545  3.86012  3.37431  2.97896  2.96618  1.96229  4.02270  2.83290  3.40953  2.86195  3.39239  2.62086  2.65870  3.10286  5.47965  4.19661     34 a - - -
          2.68618  4.42225  2.77519  2.73123  3.46354  2.40513  3.72494  3.29354  2.67741  2.69355  4.24690  2.90347  2.73739  3.18146  2.89801  2.37887  2.77519  2.98518  4.58477  3.61503
          0.00844  5.17441  5.89676  0.61958  0.77255  0.48576  0.95510
     35   2.63889  4.42063  4.69174  4.09321  3.51853  4.13605  3.38229  1.62849  3.93189  2.36359  2.82095  4.20434  4.50244  4.11464  2.90017  2.92878  3.23090  1.49772  5.03925  3.85597     35 v - - -
          2.68618  4.42225  2.77519  2.73123  3.46354  2.40513  3.72494  3.29354  2.67741  2.69355  4.24690  2.90347  2.73739  3.18146  2.89801  2.37887  2.77519  2.98518  4.58477  3.61503
          0.00844  5.17441  5.89676  0.61958  0.77255  0.48576  0.95510
     36   1.90274  4.86341  3.91365  3.38167  4.29210  3.32637  4.40361  3.67406  3.35342  2.08903  4.22267  3.75269  1.78525  3.66606  3.73588  2.18674  2.07270  3.36646  5.68436  4.43590     36 p - - -
          2.68618  4.42225  2.77519  2.73123  3.46354  2.40513  3.72494  3.29354  2.67741  2.69355  4.24690  2.90347  2.73739  3.18146  2.89801  2.37887  2.77519  2.98518  4.58477  3.61503
          0.00844  5.17441  5.89676  0.61958  0.77255  0.48576  0.95510
     37   3.01815  4.39374  4.96761  4.35343  2.29177  4.18710  4.51864  2.23250  4.14181  1.18063  3.02836  4.34486  4.54831  3.50788  4.15411  3.49822  2.90519  2.35953  3.64224  3.26363     37 l - - -
          2.68618  4.42225  2.77519  2.73123  3.46354  2.40513  3.72494  3.29354  2.67741  2.69355  4.24690  2.90347  2.73739  3.18146  2.89801  2.37887  2.77519  2.98518  4.58477  3.61503
          0.00844  5.17441  5.89676  0.61958  0.77255  0.48576  0.95510
     38   1.80954  3.94193  3.28232  2.37019  4.57147  2.72663  3.41954  4.01350  2.72370  3.56904  3.52267  3.25969  3.43567  2.85023  3.20214  2.03592  2.35619  3.64679  5.76656  4.39935     38 a - - -
          2.68618  4.42225  2.77519  2.73123  3.46354  2.40513  3.72494  3.29354  2.67741  2.69355  4.24690  2.90347  2.73739  3.18146  2.89801  2.37887  2.77519  2.98518  4.58477  3.61503
          0.06233  5.17441  2.90466  0.61958  0.77255  0.48576  0.95510
     39   2.05221  4.95627  3.92805  3.45637  4.78062  2.21575  4.57014  4.20039  3.46343  3.84388  4.65797  2.97497  1.06869  3.77689  3.86480  3.08599  2.74473  3.00214  6.09278  4.82842     39 p - - -
          2.68618  4.42225  2.77519  2.73123  3.46354  2.40513  3.72494  3.29354  2.67741  2.69355  4.24690  2.90347  2.73739  3.18146  2.89801  2.37887  2.77519  2.98518  4.58477  3.61503
          0.04724  5.12099  3.21461  0.61958  0.77255  0.64672  0.74184
     40   2.36284  4.99148  3.41428  2.34754  3.62617  3.78597  3.23669  3.59292  2.71810  2.91801  4.07259  3.35536  2.46883  3.18249  2.89254  2.99740  3.15410  3.30408  1.90056  3.81457     40 w - - -
          2.68618  4.42225  2.77519  2.73123  3.46354  2.40513  3.72494  3.29354  2.67741  2.69355  4.24690  2.90347  2.73739  3.18146  2.89801  2.37887  2.77519  2.98518  4.58477  3.61503
          0.04397  5.08300  3.30186  0.61958  0.77255  0.56662  0.83804
     41   2.90038  5.30757  2.41309  2.38626  4.61157  2.91193  2.48967  2.99197  2.63630  2.64466  4.35935  2.06952  4.08289  2.99422  3.12135  2.70026  2.97641  3.67597  5.76555  3.82780     41 n - - -
          2.68618  4.42225  2.77519  2.73123  3.46354  2.40513  3.72494  3.29354  2.67741  2.69355  4.24690  2.90347  2.73739  3.18146  2.89801  2.37887  2.77519  2.98518  4.58477  3.61503
          0.00957  5.04997  5.77232  0.61958  0.77255  0.35814  1.20055
     42   2.95645  4.77591  3.15158  2.75262  3.36844  3.89738  4.13690  2.70255  2.71442  1.60149  3.87353  3.40200  3.42116  3.25920  3.48659  2.61218  2.57088  2.60449  5.34400  3.14457     42 l - - -
          2.68618  4.42225  2.77519  2.73123  3.46354  2.40513  3.72494  3.29354  2.67741  2.69355  4.24690  2.90347  2.73739  3.18146  2.89801  2.37887  2.77519  2.98518  4.58477  3.61503
          0.07178  5.13968  2.75822  0.61958  0.77255  0.48576  0.95510
     43   2.26019  5.40813  2.36312  2.60648  4.74838  2.85094  3.87271  4.23085  2.54091  3.45422  4.45050  2.48307  3.23362  2.91292  2.51615  2.15205  2.43080  3.79628  5.84414  4.43616     43 s - - -
          2.68618  4.42225  2.77519  2.73123  3.46354  2.40513  3.72494  3.29354  2.67741  2.69355  4.24690  2.90347  2.73739  3.18146  2.89801  2.37887  2.77519  2.98518  4.58477  3.61503
          0.00931  5.07721  5.79955  0.61958  0.77255  0.38805  1.13438
     44   2.85107  5.31254  3.24655  2.68993  4.26830  3.54059  3.92922  3.15029  1.78302  3.06389  3.21698  3.04910  3.51122  2.32208  2.65548  2.23710  2.56390  3.67445  5.77819  4.40171     44 k - - -
          2.68618  4.42225  2.77519  2.73123  3.46354  2.40513  3.72494  3.29354  2.67741  2.69355  4.24690  2.90347  2.73739  3.18146  2.89801  2.37887  2.77519  2.98518  4.58477  3.61503
          0.00874  5.13968  5.86202  0.61958  0.77255  0.48576  0.95510
     45   2.27061  4.47236  4.35236  3.76869  2.46233  2.51343  4.35682  2.92502  3.66151  2.32952  3.12181  4.00845  4.43098  2.88156  3.74279  3.11822  2.79281  2.72771  2.06264  3.17535     45 w - - -
          2.68618  4.42225  2.77519  2.73123  3.46354  2.40513  3.72494  3.29354  2.67741  2.69355  4.24690  2.90347  2.73739  3.18146  2.89801  2.37887  2.77519  2.98518  4.58477  3.61503
          0.00874  5.13968  5.86202  0.61958  0.77255  0.48576  0.95510
     46   2.99463  4.52903  4.26927  3.68426  3.49158  4.06090  4.34141  2.63324  2.86658  1.09196  2.48956  3.20807  4.43092  3.82866  2.89613  3.33688  3.22548  2.78122  5.13018  3.93108     46 l - - -
          2.68618  4.42225  2.77519  2.73123  3.46354  2.40513  3.72494  3.29354  2.67741  2.69355  4.24690  2.90347  2.73739  3.18146  2.89801  2.37887  2.77519  2.98518  4.58477  3.61503
          0.00874  5.13968  5.86202  0.61958  0.77255  0.48576  0.95510
     47   3.62180  4.89816  3.47884  5.02115  4.09521  5.01593  5.49544  0.97000  4.90383  1.57210  3.93499  5.13744  5.29850  5.08862  5.00841  4.37688  3.86701  1.51943  5.93380  4.75249     47 i - - -
          2.68618  4.42225  2.77519  2.73123  3.46354  2.40513  3.72494  3.29354  2.67741  2.69355  4.24690  2.90347  2.73739  3.18146  2.89801  2.37887  2.77519  2.98518  4.58477  3.61503
          0.00874  5.13968  5.86202  0.61958  0.77255  0.48576  0.95510
     48   2.71957  4.39686  4.97231  4.36130  1.81228  4.20138  4.53753  1.54863  4.15327  2.39685  3.50441  4.35731  4.56138  4.28819  4.16985  3.51384  2.63650  1.83315  3.54461  3.85430     48 i - - -
          2.68618  4.42225  2.77519  2.73123  3.46354  2.40513  3.72494  3.29354  2.67741  2.69355  4.24690  2.90347  2.73739  3.18146  2.89801  2.37887  2.77519  2.98518  4.58477  3.61503
          0.00874  5.13968  5.86202  0.61958  0.77255  0.48576  0.95510
     49   2.17968  3.02789  3.27628  2.36130  4.53345  1.81753  3.10787  3.97135  2.72378  3.53510  4.32229  2.55918  4.14306  3.07810  3.20017  2.52479  3.17647  3.61155  5.74024  3.52011     49 g - - -
          2.68618  4.42225  2.77519  2.73123  3.46354  2.40513  3.72494  3.29354  2.67741  2.69355  4.24690  2.90347  2.73739  3.18146  2.89801  2.37887  2.77519  2.98518  4.58477  3.61503
          0.00874  5.13968  5.86202  0.61958  0.77255  0.48576  0.95510
     50   1.91706  2.84357  2.72906  2.84651  4.55540  1.88148  4.05389  3.98740  2.84480  3.56996  4.36497  2.77278  4.18545  3.19376  3.31116  2.27856  2.77458  3.24910  5.78801  4.44427     50 g - - -
          2.68618  4.42225  2.77519  2.73123  3.46354  2.40513  3.72494  3.29354  2.67741  2.69355  4.24690  2.90347  2.73739  3.18146  2.89801  2.37887  2.77519  2.98518  4.58477  3.61503
          0.00874  5.13968  5.86202  0.61958  0.77255  0.48576  0.95510
     51   2.40410  5.44341  2.50196  1.84502  4.78626  3.71108  3.89924  4.27077  2.63521  3.74776  4.48480  2.89667  4.10512  2.17495  2.63407  2.47608  2.40564  3.07577  5.87741  4.46760     51 e - - -
          2.68618  4.42225  2.77519  2.73123  3.46354  2.40513  3.72494  3.29354  2.67741  2.69355  4.24690  2.90347  2.73739  3.18146  2.89801  2.37887  2.77519  2.98518  4.58477  3.61503
          0.00874  5.13968  5.86202  0.61958  0.77255  0.48576  0.95510
     52   2.48094  5.40389  2.88185  2.64692  3.79739  2.67546  3.47900  4.20461  2.26882  2.29697  4.44929  2.39194  4.11045  2.82773  2.39921  2.38276  3.16795  3.78489  5.84740  4.23975     52 k - - -
          2.68618  4.42225  2.77519  2.73123  3.46354  2.40513  3.72494  3.29354  2.67741  2.69355  4.24690  2.90347  2.73739  3.18146  2.89801  2.37887  2.77519  2.98518  4.58477  3.61503
          0.00874  5.13968  5.86202  0.61958  0.77255  0.48576  0.95510
     53   4.03582  6.71215  0.35133  2.90986  5.99061  4.03916  4.75329  5.68965  3.96616  5.10844  6.07169  3.51187  4.75534  2.63472  4.66948  3.85202  4.37560  5.19976  7.16438  5.57606     53 D - - -
          2.68618  4.42225  2.77519  2.73123  3.46354  2.40513  3.72494  3.29354  2.67741  2.69355  4.24690  2.90347  2.73739  3.18146  2.89801  2.37887  2.77519  2.98518  4.58477  3.61503
          0.00874  5.13968  5.86202  0.61958  0.77255  0.48576  0.95510
     54   2.52430  3.87849  3.05373  2.41023  4.10615  3.84090  4.06331  2.74202  2.94292  2.45990  3.52693  3.44495  2.74934  3.27706  2.74786  2.64623  2.08675  2.76556  5.46780  4.18323     54 t - - -
          2.68618  4.42225  2.77519  2.73123  3.46354  2.40513  3.72494  3.29354  2.67741  2.69355  4.24690  2.90347  2.73739  3.18146  2.89801  2.37887  2.77519  2.98518  4.58477  3.61503
          0.00874  5.13968  5.86202  0.61958  0.77255  0.48576  0.95510
     55   2.68432  4.47511  4.96063  4.36384  3.60722  3.26690  4.64059  1.49901  4.18406  2.41469  3.03789  4.41371  4.64734  4.34534  4.24311  3.60297  2.29744  1.39157  5.16630  3.98417     55 v - - -
          2.68618  4.42225  2.77519  2.73123  3.46354  2.40513  3.72494  3.29354  2.67741  2.69355  4.24690  2.90347  2.73739  3.18146  2.89801  2.37887  2.77519  2.98518  4.58477  3.61503
          0.04634  5.13968  3.23330  0.61958  0.77255  0.48576  0.95510
     56   1.44138  4.85010  3.61536  3.05832  4.07305  2.73649  4.12390  3.03383  2.65200  3.13047  3.99380  3.51346  4.24431  3.36111  3.44397  2.54367  2.11033  2.61874  5.45533  4.18585     56 a - - -
          2.68618  4.42225  2.77519  2.73123  3.46354  2.40513  3.72494  3.29354  2.67741  2.69355  4.24690  2.90347  2.73739  3.18146  2.89801  2.37887  2.77519  2.98518  4.58477  3.61503
          0.00908  5.10241  5.82475  0.61958  0.77255  0.59785  0.79849
     57   2.61597  5.13040  2.89378  2.86968  4.50046  2.52111  4.07776  3.92403  2.89050  3.52479  4.33342  3.36973  1.27203  3.23115  3.35193  2.58645  2.94070  3.56999  3.68095  4.42824     57 p - - -
          2.68618  4.42225  2.77519  2.73123  3.46354  2.40513  3.72494  3.29354  2.67741  2.69355  4.24690  2.90347  2.73739  3.18146  2.89801  2.37887  2.77519  2.98518  4.58477  3.61503
          0.04122  5.10241  3.37271  0.61958  0.77255  0.59785  0.79849
     58   2.70997  4.46597  4.65602  4.07540  3.60595  3.37454  4.52572  2.45126  3.93581  2.10679  3.60160  4.22032  2.26277  4.13875  4.07453  3.46588  3.27060  1.13062  5.14793  3.96019     58 v - - -
          2.68618  4.42225  2.77519  2.73123  3.46354  2.40513  3.72494  3.29354  2.67741  2.69355  4.24690  2.90347  2.73739  3.18146  2.89801  2.37887  2.77519  2.98518  4.58477  3.61503
          0.06939  5.07056  2.80081  0.61958  0.77255  0.68176  0.70466
     59   1.80901  5.17470  3.23899  2.68310  4.08201  2.47074  3.90109  3.87993  2.42090  2.97408  4.24497  2.97343  4.09130  3.03284  2.85597  1.83560  3.05517  3.52759  5.66546  4.30988     59 a - - -
          2.68618  4.42225  2.77519  2.73123  3.46354  2.40513  3.72494  3.29354  2.67741  2.69355  4.24690  2.90347  2.73739  3.18146  2.89801  2.37887  2.77519  2.98518  4.58477  3.61503
          0.00995  5.01112  5.73347  0.61958  0.77255  0.81590  0.58383
     60   2.35467  5.23377  3.20134  2.08039  3.99593  3.68384  3.87872  3.96346  2.64284  3.17918  3.83724  3.18024  4.07567  2.03889  3.01175  2.05444  2.28925  3.41909  5.70476  4.33384     60 q - - -
          2.68618  4.42225  2.77519  2.73123  3.46354  2.40513  3.72494  3.29354  2.67741  2.69355  4.24690  2.90347  2.73739  3.18146  2.89801  2.37887  2.77519  2.98518  4.58477  3.61503
          0.20696  5.01112  1.71323  0.61958  0.77255  0.81590  0.58383
     61   2.82749  4.99339  3.24989  2.68839  4.22517  3.66159  1.63415  3.63681  2.35673  3.24681  3.15685  3.20075  4.04988  2.63889  3.08568  2.45024  2.75361  3.32309  4.37390  4.17190     61 h - - -
          2.68618  4.42225  2.77519  2.73123  3.46354  2.40513  3.72494  3.29354  2.67741  2.69355  4.24690  2.90347  2.73739  3.18146  2.89801  2.37887  2.77519  2.98518  4.58477  3.61503
          0.01210  4.81626  5.53861  0.61958  0.77255  0.64874  0.73962
     62   1.44557  4.96236  3.07007  2.79326  4.18803  3.13881  3.95003  2.97420  2.78412  3.22380  4.05695  3.29555  3.28401  2.84046  3.23292  2.34146  3.10560  2.66749  5.50047  4.18993     62 a - - -
          2.68618  4.42225  2.77519  2.73123  3.46354  2.40513  3.72494  3.29354  2.67741  2.69355  4.24690  2.90347  2.73739  3.18146  2.89801  2.37887  2.77519  2.98518  4.58477  3.61503
          0.01042  4.96482  5.68716  0.61958  0.77255  0.90458  0.51871
     63   2.54917  5.28936  2.28637  2.21608  4.60102  3.05581  3.84039  2.60904  2.24428  3.40753  3.47133  2.97694  4.04212  2.94865  2.81766  2.40074  2.86547  3.23476  5.74257  4.35272     63 e - - -
          2.68618  4.42225  2.77519  2.73123  3.46354  2.40513  3.72494  3.29354  2.67741  2.69355  4.24690  2.90347  2.73739  3.18146  2.89801  2.37887  2.77519  2.98518  4.58477  3.61503
          0.01042  4.96482  5.68716  0.61958  0.77255  0.90458  0.51871
     64   2.74732  5.18464  2.77832  2.65348  4.46073  3.67805  3.87723  3.89690  2.41264  3.22022  4.24928  3.18441  1.64121  3.00509  2.55849  2.61067  3.10608  2.54097  5.66568  4.30552     64 p - - -
          2.68618  4.42225  2.77519  2.73123  3.46354  2.40513  3.72494  3.29354  2.67741  2.69355  4.24690  2.90347  2.73739  3.18146  2.89801  2.37887  2.77519  2.98518  4.58477  3.61503
          0.06382  4.96482  2.90317  0.61958  0.77255  0.90458  0.51871
     65   2.58659  4.31187  3.91090  3.89016  1.47459  3.99731  3.42445  2.65711  3.74501  1.84064  3.01252  4.03395  4.36440  3.93888  3.87501  3.20821  3.10515  2.56280  4.90570  3.01623     65 f - - -
          2.68618  4.42225  2.77519  2.73123  3.46354  2.40513  3.72494  3.29354  2.67741  2.69355  4.24690  2.90347  2.73739  3.18146  2.89801  2.37887  2.77519  2.98518  4.58477  3.61503
          0.01099  4.91199  5.63433  0.61958  0.77255  0.78759  0.60686
     66   2.89903  4.40744  4.24606  3.13145  2.14042  3.97996  4.26097  2.36273  3.00284  2.38121  3.52041  3.91382  4.35074  3.79772  3.77293  2.78362  3.13087  2.66301  4.98752  1.61845     66 y - - -
          2.68618  4.42225  2.77519  2.73123  3.46354  2.40513  3.72494  3.29354  2.67741  2.69355  4.24690  2.90347  2.73739  3.18146  2.89801  2.37887  2.77519  2.98518  4.58477  3.61503
          0.09988  4.96482  2.42961  0.61958  0.77255  0.90458  0.51871
     67   2.96574  4.33707  4.88604  4.27592  2.63590  3.76471  4.46755  1.98993  4.07415  1.16429  2.98716  4.28874  4.48855  4.19862  4.09392  3.45395  3.19641  2.26493  4.94411  2.97160     67 l - - -
          2.68618  4.42225  2.77519  2.73123  3.46354  2.40513  3.72494  3.29354  2.67741  2.69355  4.24690  2.90347  2.73739  3.18146  2.89801  2.37887  2.77519  2.98518  4.58477  3.61503
          0.01139  4.87633  5.59868  0.61958  0.77255  1.04578  0.43297
     68   2.88527  5.22439  2.52845  1.17943  4.48396  3.64920  3.87211  3.92899  2.65674  2.93496  4.28557  3.14575  4.06080  3.00106  3.13924  2.87940  3.11968  3.02117  5.69101  3.47680     68 e - - -
          2.68618  4.42225  2.77519  2.73123  3.46354  2.40513  3.72494  3.29354  2.67741  2.69355  4.24690  2.90347  2.73739  3.18146  2.89801  2.37887  2.77519  2.98518  4.58477  3.61503
          0.01139  4.87633  5.59868  0.61958  0.77255  1.04578  0.43297
     69   3.01451  4.41186  4.73555  4.14231  3.46024  4.18450  4.51469  1.58208  3.98313  1.45855  3.18918  4.25823  4.53105  2.86067  4.08292  3.49099  2.71400  1.99392  5.06523  3.89423     69 l - - -
          2.68618  4.42225  2.77519  2.73123  3.46354  2.40513  3.72494  3.29354  2.67741  2.69355  4.24690  2.90347  2.73739  3.18146  2.89801  2.37887  2.77519  2.98518  4.58477  3.61503
          0.01139  4.87633  5.59868  0.61958  0.77255  1.04578  0.43297
     70   2.40876  5.30932  2.38042  2.30238  4.64118  3.03974  3.79664  4.11811  2.44653  3.60906  4.35393  2.39840  4.00069  2.89766  2.51197  2.47766  2.93011  2.39725  5.75013  4.34688     70 e - - -
          2.68618  4.42225  2.77519  2.73123  3.46354  2.40513  3.72494  3.29354  2.67741  2.69355  4.24690  2.90347  2.73739  3.18146  2.89801  2.37887  2.77519  2.98518  4.58477  3.61503
          0.06673  4.87633  2.86591  0.61958  0.77255  1.04578  0.43297
     71   2.38158  5.25575  3.08823  2.53933  4.57733  1.98286  3.35149  4.04221  2.31221  3.37103  4.30880  2.21383  3.99515  2.89926  2.72015  2.39063  3.05228  3.63505  5.70717  4.31701     71 g - - -
          2.68618  4.42225  2.77519  2.73123  3.46354  2.40513  3.72494  3.29354  2.67741  2.69355  4.24690  2.90347  2.73739  3.18146  2.89801  2.37887  2.77519  2.98518  4.58477  3.61503
          0.01204  4.82164  5.54398  0.61958  0.77255  1.11880  0.39552
     72   1.12390  5.06175  2.43974  3.06672  5.06549  1.36439  4.49717  4.53050  3.48580  4.13377  4.94296  3.49544  4.25027  3.69398  3.95773  3.04356  3.38852  3.97604  6.32208  4.99162     72 a - - -
          2.68618  4.42225  2.77519  2.73123  3.46354  2.40513  3.72494  3.29354  2.67741  2.69355  4.24690  2.90347  2.73739  3.18146  2.89801  2.37887  2.77519  2.98518  4.58477  3.61503
          0.01204  4.82164  5.54398  0.61958  0.77255  1.11880  0.39552
     73   2.83850  5.30336  2.52793  2.17051  4.63036  2.36390  3.80484  4.10424  2.55983  3.05017  4.35619  2.75148  4.00107  2.91089  3.05308  1.92809  2.38436  3.68579  5.75257  4.34985     73 s - - -
          2.68618  4.42225  2.77519  2.73123  3.46354  2.40513  3.72494  3.29354  2.67741  2.69355  4.24690  2.90347  2.73739  3.18146  2.89801  2.37887  2.77519  2.98518  4.58477  3.61503
          0.10243  4.82164  2.41566  0.61958  0.77255  0.45818  1.00085
     74   4.88990  6.27339  4.90775  4.85515  4.73778  4.85517  0.11736  5.82171  4.73300  5.09910  6.30860  5.18238  5.48799  5.27003  4.86994  4.99738  5.27119  5.52273  6.10975  4.68361     74 H - - -
          2.68618  4.42225  2.77519  2.73123  3.46354  2.40513  3.72494  3.29354  2.67741  2.69355  4.24690  2.90347  2.73739  3.18146  2.89801  2.37887  2.77519  2.98518  4.58477  3.61503
          0.01038  4.96893  5.69128  0.61958  0.77255  0.89717  0.52378
     75   2.89177  4.29830  4.66494  4.06200  1.66993  3.46208  4.36132  2.73439  3.88698  1.87573  2.85190  4.13630  4.40451  4.05347  3.96213  2.48054  2.41083  2.38631  4.21027  3.48502     75 f - - -
          2.68618  4.42225  2.77519  2.73123  3.46354  2.40513  3.72494  3.29354  2.67741  2.69355  4.24690  2.90347  2.73739  3.18146  2.89801  2.37887  2.77519  2.98518  4.58477  3.61503
          0.01038  4.96893  5.69128  0.61958  0.77255  0.89717  0.52378
     76   1.95380  2.64173  3.28304  3.75966  2.26499  3.19076  4.29291  2.71496  3.64081  2.56243  2.89648  3.96897  4.35917  3.86144  3.82290  2.89397  2.80596  2.09672  4.97842  3.78631     76 a - - -
          2.68618  4.42225  2.77519  2.73123  3.46354  2.40513  3.72494  3.29354  2.67741  2.69355  4.24690  2.90347  2.73739  3.18146  2.89801  2.37887  2.77519  2.98518  4.58477  3.61503
          0.01038  4.96893  5.69128  0.61958  0.77255  0.89717  0.52378
     77   2.00323  4.76093  3.18064  2.97367  3.92840  3.55081  4.02639  3.30474  2.94823  2.98813  3.85692  3.43588  2.25932  3.27367  3.35607  2.37646  2.69774  2.61427  3.58980  2.70937     77 a - - -
          2.68643  4.42250  2.77503  2.73149  3.46379  2.40490  3.72520  3.29379  2.67766  2.69350  4.24680  2.90269  2.73765  3.18125  2.89826  2.37864  2.77480  2.98544  4.58502  3.61528
          0.48627  0.96310  5.69128  0.53934  0.87498  0.38549  1.13980
     78   2.52023  5.21168  3.02294  2.72227  3.21027  2.74611  3.93955  2.92737  2.51754  3.48114  4.27513  1.90424  3.61993  3.00885  3.19218  2.55185  2.31467  3.55729  5.69715  3.81187     80 n - - -
          2.68618  4.42225  2.77519  2.73123  3.46354  2.40513  3.72494  3.29354  2.67741  2.69355  4.24690  2.90347  2.73739  3.18146  2.89801  2.37887  2.77519  2.98518  4.58477  3.61503
          0.14059  5.10901  2.07853  0.61958  0.77255  0.57917  0.82180
     79   3.02567  4.40091  4.90522  4.30003  2.86825  4.20429  4.53773  1.62385  4.10985  1.70779  2.90213  4.33683  4.55268  2.77099  4.14909  3.51614  3.03721  1.72052  5.03407  3.86704     81 i - - -
          2.68618  4.42225  2.77519  2.73123  3.46354  2.40513  3.72494  3.29354  2.67741  2.69355  4.24690  2.90347  2.73739  3.18146  2.89801  2.37887  2.77519  2.98518  4.58477  3.61503
          0.22426  4.97870  1.63987  0.61958  0.77255  0.48946  0.94923
     80   2.49976  5.30774  2.98722  1.82988  4.64006  3.61609  3.81283  4.11361  2.55595  3.61047  4.35945  3.09347  2.97477  2.91617  2.31831  1.80222  3.07568  3.39329  5.75620  4.35634     82 s - - -
          2.68618  4.42225  2.77519  2.73123  3.46354  2.40513  3.72494  3.29354  2.67741  2.69355  4.24690  2.90347  2.73739  3.18146  2.89801  2.37887  2.77519  2.98518  4.58477  3.61503
          0.03982  4.89049  3.45703  0.61958  0.77255  1.02527  0.44426
     81   2.45998  5.43207  2.28760  1.58050  4.76838  3.61640  3.47386  4.25795  2.62226  3.73387  4.48041  3.08074  4.04499  2.14208  3.12589  2.20506  3.14899  3.81906  5.86581  4.44372     83 e - - -
          2.68618  4.42225  2.77519  2.73123  3.46354  2.40513  3.72494  3.29354  2.67741  2.69355  4.24690  2.90347  2.73739  3.18146  2.89801  2.37887  2.77519  2.98518  4.58477  3.61503
          0.00779  4.85846        *  0.61958  0.77255  0.00000        *
//
